AA
Twist  0.130  0.041  0.046  0.159 -0.305  0.739
 Roll  0.041  0.069  0.026  0.053 -0.213 -0.135
 Tilt  0.046  0.026  0.406 -0.408 -0.073 -0.403
Shift  0.159  0.053 -0.408 11.948  2.162 -2.511
Slide -0.305 -0.213 -0.073  2.162  8.241 -5.353
 Rise  0.739 -0.135 -0.403 -2.511 -5.353 35.715
AC
Twist  0.179  0.053  0.015 -0.083 -0.118  1.244
 Roll  0.053  0.085  0.003  0.048  0.049  0.089
 Tilt  0.015  0.003  0.323 -0.312 -0.298 -0.219
Shift -0.083  0.048 -0.312  4.912  1.672 -0.872
Slide -0.118  0.049 -0.298  1.672 10.089 -3.277
 Rise  1.244  0.089 -0.219 -0.872 -3.277 35.709
AG
Twist  0.113  0.038 -0.001  0.168  0.040  0.850
 Roll  0.038  0.077  0.022  0.006 -0.023  0.067
 Tilt -0.001  0.022  0.280 -0.365  0.252 -0.995
Shift  0.168  0.006 -0.365  4.954  0.527  0.093
Slide  0.040 -0.023  0.252  0.527  4.516 -2.966
 Rise  0.850  0.067 -0.995  0.093 -2.966 29.330
AT
Twist  0.189  0.068  0.000  0.000  0.111  1.195
 Roll  0.068  0.124  0.000  0.000  0.438 -0.397
 Tilt  0.000  0.000  0.641 -0.043  0.000  0.000
Shift  0.000  0.000 -0.043  6.670  0.000  0.000
Slide  0.111  0.438  0.000  0.000 15.942 -2.611
 Rise  1.195 -0.397  0.000  0.000 -2.611 47.789
CA
Twist  0.098  0.027 -0.034  0.061 -0.254  0.799
 Roll  0.027  0.059 -0.046  0.165 -0.016  0.202
 Tilt -0.034 -0.046  0.393 -0.965  0.174 -0.593
Shift  0.061  0.165 -0.965  5.740 -0.117  1.963
Slide -0.254 -0.016  0.174 -0.117  2.772 -4.449
 Rise  0.799  0.202 -0.593  1.963 -4.449 23.870
CC
Twist  0.114  0.045  0.008 -0.139 -0.328  1.587
 Roll  0.045  0.075 -0.014  0.005 -0.083  0.797
 Tilt  0.008 -0.014  0.218 -0.537 -0.215  0.066
Shift -0.139  0.005 -0.537  3.917  0.085 -0.401
Slide -0.328 -0.083 -0.215  0.085  3.795 -7.972
 Rise  1.587  0.797  0.066 -0.401 -7.972 41.678
CG
Twist  0.101  0.020  0.000  0.000 -0.278  0.806
 Roll  0.020  0.040  0.000  0.000  0.001 -0.046
 Tilt  0.000  0.000  0.255 -0.510  0.000  0.000
Shift  0.000  0.000 -0.510  3.104  0.000  0.000
Slide -0.278  0.001  0.000  0.000  3.991 -2.936
 Rise  0.806 -0.046  0.000  0.000 -2.936 20.174
CT
Twist  0.113  0.038  0.001 -0.168  0.040  0.850
 Roll  0.038  0.077 -0.022 -0.006 -0.023  0.067
 Tilt  0.001 -0.022  0.280 -0.365 -0.252  0.995
Shift -0.168 -0.006 -0.365  4.954 -0.527 -0.093
Slide  0.040 -0.023 -0.252 -0.527  4.516 -2.966
 Rise  0.850  0.067  0.995 -0.093 -2.966 29.330
GA
Twist  0.133  0.055  0.027  0.073 -0.350  1.301
 Roll  0.055  0.097  0.042 -0.099 -0.158  0.336
 Tilt  0.027  0.042  0.408 -1.012  0.016  0.139
Shift  0.073 -0.099 -1.012 10.434  3.814 -1.105
Slide -0.350 -0.158  0.016  3.814  6.278 -7.676
 Rise  1.301  0.336  0.139 -1.105 -7.676 41.988
GC
Twist  0.069  0.006  0.000  0.000 -0.217  0.646
 Roll  0.006  0.057  0.000  0.000  0.094  0.168
 Tilt  0.000  0.000  0.256 -0.542  0.000  0.000
Shift  0.000  0.000 -0.542  3.473  0.000  0.000
Slide -0.217  0.094  0.000  0.000  4.030  1.322
 Rise  0.646  0.168  0.000  0.000  1.322 34.392
GG
Twist  0.114  0.045 -0.008  0.139 -0.328  1.587
 Roll  0.045  0.075  0.014 -0.005 -0.083  0.797
 Tilt -0.008  0.014  0.218 -0.537  0.215 -0.066
Shift  0.139 -0.005 -0.537  3.917 -0.085  0.401
Slide -0.328 -0.083  0.215 -0.085  3.795 -7.972
 Rise  1.587  0.797 -0.066  0.401 -7.972 41.678
GT
Twist  0.179  0.053 -0.015  0.083 -0.118  1.244
 Roll  0.053  0.085 -0.003 -0.048  0.049  0.089
 Tilt -0.015 -0.003  0.323 -0.312  0.298  0.219
Shift  0.083 -0.048 -0.312  4.912 -1.672  0.872
Slide -0.118  0.049  0.298 -1.672 10.089 -3.277
 Rise  1.244  0.089  0.219  0.872 -3.277 35.709
TA
Twist   0.112   0.056   0.000   0.000  -0.572   1.466
 Roll   0.056   0.064   0.000   0.000  -0.146   0.318
 Tilt   0.000   0.000   0.365  -1.271   0.000   0.000
Shift   0.000   0.000  -1.271   8.767   0.000   0.000
Slide  -0.572  -0.146   0.000   0.000   4.961 -12.092
 Rise   1.466   0.318   0.000   0.000 -12.092  54.957
TC
Twist  0.133  0.055 -0.027 -0.073 -0.350  1.301
 Roll  0.055  0.097 -0.042  0.099 -0.158  0.336
 Tilt -0.027 -0.042  0.408 -1.012 -0.016 -0.139
Shift -0.073  0.099 -1.012 10.434 -3.814  1.105
Slide -0.350 -0.158 -0.016 -3.814  6.278 -7.676
 Rise  1.301  0.336 -0.139  1.105 -7.676 41.988
TG
Twist  0.098  0.027  0.034 -0.061 -0.254  0.799
 Roll  0.027  0.059  0.046 -0.165 -0.016  0.202
 Tilt  0.034  0.046  0.393 -0.965 -0.174  0.593
Shift -0.061 -0.165 -0.965  5.740  0.117 -1.963
Slide -0.254 -0.016 -0.174  0.117  2.772 -4.449
 Rise  0.799  0.202  0.593 -1.963 -4.449 23.870
TT
Twist  0.130  0.041 -0.046 -0.159 -0.305  0.739
 Roll  0.041  0.069 -0.026 -0.053 -0.213 -0.135
 Tilt -0.046 -0.026  0.406 -0.408  0.073  0.403
Shift -0.159 -0.053 -0.408 11.948 -2.162  2.511
Slide -0.305 -0.213  0.073 -2.162  8.241 -5.353
 Rise  0.739 -0.135  0.403  2.511 -5.353 35.715
